9 0.0 5.0 5516.0 4516.0 5047.48 216.6610945670447 0.3333333333333333 0.3333333333333333 0.3333333333333333
9 1.0 69.0 5648.0 4640.0 5139.82 234.50185241886427 0.30201525740165214 0.3059841339172731 0.39200060868107456
9 2.0 69.0 5920.0 4640.0 5208.08 248.03631536001686 0.2686682369582953 0.2928214609152707 0.4385103021264338
9 3.0 69.0 5920.0 4640.0 5328.06 252.4090723369106 0.2610452734764786 0.2579371148882117 0.4810176116353099
9 4.0 69.0 5980.0 4640.0 5451.38 269.4043853174681 0.23308607189315725 0.23355820321790052 0.5333557248889423
9 5.0 90.0 6004.0 4702.0 5563.8 269.6382162764909 0.21999551204747522 0.21442046344178486 0.56558402451074
9 6.0 38.0 6156.0 4702.0 5703.34 280.87511945217346 0.18494774859748125 0.1978717193593921 0.6171805320431266
9 7.0 38.0 6262.0 4746.0 5822.48 293.1349356611226 0.18979293570829595 0.18028791364422336 0.6299191506474806
9 8.0 65.0 6294.0 4768.0 5936.72 273.2552024327545 0.16410936710126914 0.1601552614803203 0.6757353714184107
9 9.0 25.0 6372.0 4768.0 6037.22 263.7900749390766 0.16056625088677015 0.1382263223220278 0.701207426791202
9 10.0 13.0 6406.0 5376.0 6168.14 198.94474234080806 0.14673294649660718 0.13170668285228693 0.7215603706511057
9 11.0 90.0 6478.0 5376.0 6267.82 163.7714828224334 0.1324316987581158 0.11846206680573604 0.7491062344361481
9 12.0 7.0 6500.0 5376.0 6344.56 146.85527267044623 0.12675478817913585 0.10936095244482187 0.7638842593760417
9 13.0 50.0 6564.0 5978.0 6410.76 106.87698205380468 0.1242105253939976 0.10152059283919052 0.7742688817668123
9 14.0 34.0 6612.0 5978.0 6469.36 100.27472565936348 0.12007903183179686 0.09236799201050021 0.7875529761577027
9 15.0 58.0 6648.0 6052.0 6532.4 72.48099716129013 0.11793832997568857 0.09058994339112696 0.7914717266331844
9 16.0 77.0 6704.0 6362.0 6585.44 62.235836894344025 0.12096359599550427 0.07981403495168933 0.7992223690528063
9 17.0 75.0 6734.0 6420.0 6629.3 57.7772630124699 0.11417913205110512 0.08081923443445191 0.805001633514443
9 18.0 14.0 6748.0 6420.0 6669.2 57.71052807335117 0.10016801239502351 0.07775502505972214 0.8220769625452544
9 19.0 76.0 6792.0 6420.0 6699.52 56.326694964790526 0.10107026379801559 0.08115923148217247 0.8177705047198119
9 20.0 83.0 6812.0 6420.0 6728.76 52.8896545229363 0.09142408458899061 0.07617315386754317 0.8324027615434662
9 21.0 75.0 6840.0 6428.0 6756.92 47.143383266992885 0.08793726561059852 0.0693098907106506 0.8427528436787509
9 22.0 32.0 6854.0 6428.0 6794.06 49.577980612527604 0.09037055007337902 0.07804526295261643 0.8315841869740048
9 23.0 32.0 6878.0 6654.0 6828.6 31.70253152432001 0.08144372993947604 0.08183091244374259 0.8367253576167815
9 24.0 32.0 6918.0 6774.0 6855.82 24.109338481596794 0.07886566568737206 0.08088042535622357 0.8402539089564048
9 25.0 85.0 6930.0 6792.0 6879.62 22.587553558488263 0.07793538981156634 0.0816099103520785 0.8404546998363549
9 26.0 74.0 6950.0 6840.0 6901.72 26.40327497286897 0.078917998019671 0.07606418718520193 0.8450178147951274
9 27.0 12.0 6996.0 6840.0 6928.0 28.089323612541847 0.0851891272002639 0.06859971021062342 0.846211162589113
9 28.0 12.0 6996.0 6840.0 6951.86 25.111074461401707 0.08430503555268615 0.0670725709504282 0.848622393496886
9 29.0 0.0 7044.0 6894.0 6978.26 26.056124350363714 0.08631132369076969 0.06589190497963963 0.8477967713295907
9 30.0 27.0 7066.0 6902.0 7003.3 25.36899403969063 0.08808217101791378 0.06616288744504 0.8457549415370461
9 31.0 57.0 7092.0 6950.0 7027.44 22.98718132025988 0.08646523101972335 0.07746745710850594 0.8360673118717705
9 32.0 24.0 7108.0 6994.0 7047.28 22.339022341900257 0.08281430839580615 0.08746970113522344 0.8297159904689703
9 33.0 91.0 7114.0 7012.0 7068.96 21.2203066457913 0.09902174271046825 0.09441685137249539 0.8065614059170366
9 34.0 7.0 7122.0 7024.0 7090.72 19.840821097378548 0.09414526817425822 0.09812568802205725 0.8077290438036847
9 35.0 29.0 7144.0 7024.0 7104.94 18.872148256040713 0.09937520030746384 0.08989061296106282 0.8107341867314735
9 36.0 50.0 7170.0 7024.0 7121.56 19.133935161055465 0.10582385755392076 0.08745087980128252 0.8067252626447967
9 37.0 13.0 7184.0 7024.0 7138.76 20.567268298257908 0.1087121021263561 0.08524957706615607 0.8060383208074877
9 38.0 73.0 7226.0 7024.0 7156.38 25.02636185862395 0.11075114658597908 0.08906922478694644 0.8001796286270745
9 39.0 11.0 7236.0 7024.0 7175.44 28.47941663231836 0.10273850375721472 0.08588432668091145 0.8113771695618742
9 40.0 55.0 7262.0 7024.0 7193.4 34.481439891189225 0.09944006888431092 0.07156165760812182 0.8289982735075669
9 41.0 78.0 7282.0 7024.0 7217.54 36.15997564136124 0.09506875358742736 0.07154086002503925 0.8333903863875333
9 42.0 76.0 7292.0 7024.0 7240.2 37.17661913220473 0.09977651675494917 0.0707811811968718 0.8294423020481793
9 43.0 19.0 7318.0 7024.0 7256.84 38.82952120708827 0.10946945507993958 0.0795958846800107 0.81093466024005
9 44.0 47.0 7342.0 7024.0 7278.44 35.38712885907656 0.10317014690744233 0.08203596458654461 0.814793888506013
9 45.0 16.0 7348.0 7024.0 7296.42 37.733028160239336 0.09152988895130024 0.08434503146220544 0.8241250795864947
9 46.0 18.0 7350.0 7024.0 7313.62 39.386912660030724 0.09606662866914382 0.09552930120616851 0.8084040701246876
9 47.0 18.0 7380.0 7024.0 7333.64 35.90265176892097 0.08392396143814804 0.09740295935927534 0.8186730792025766
9 48.0 0.0 7380.0 7024.0 7349.06 36.70956718938978 0.09008619741640685 0.10801744489446911 0.8018963576891243
9 49.0 42.0 7392.0 7292.0 7365.96 18.96297295875157 0.09407171658334944 0.1015180359717212 0.8044102474449294
9 50.0 58.0 7410.0 7292.0 7376.62 13.416995102322911 0.11141922176801414 0.11218722070645523 0.7763935575255307
9 51.0 20.0 7418.0 7292.0 7380.96 14.234628427347406 0.15991134915977787 0.14133588493618723 0.6987527659040346
9 52.0 16.0 7418.0 7342.0 7388.42 15.78464923636733 0.17883550103543727 0.15807588330665628 0.6630886156579066
9 53.0 97.0 7460.0 7342.0 7401.24 19.78425044464828 0.16521325914887428 0.14849494957861303 0.6862917912725122
9 54.0 1.0 7460.0 7342.0 7414.78 21.24202999677381 0.1816126589578529 0.15463692365267193 0.663750417389475
9 55.0 2.0 7470.0 7380.0 7429.94 21.793252593081622 0.17130297752671464 0.13982474415943993 0.6888722783138457
9 56.0 66.0 7490.0 7380.0 7444.1 23.928133139790823 0.16662772428658956 0.12789161848032787 0.7054806572330823
9 57.0 39.0 7506.0 7380.0 7462.2 23.0177796891486 0.15478762621781525 0.12089529249841835 0.7243170812837663
9 58.0 65.0 7514.0 7380.0 7476.86 26.1499251597129 0.16929938663029948 0.12303064982993737 0.7076699635397631
9 59.0 82.0 7520.0 7380.0 7489.22 24.89070249525051 0.1702286015703672 0.12752183001830206 0.7022495684113305
9 60.0 65.0 7550.0 7410.0 7500.62 20.93702920471745 0.17147650425524613 0.13612615908409736 0.6923973366606565
9 61.0 37.0 7550.0 7410.0 7508.6 21.088557862672186 0.15126428246586354 0.14362467615375601 0.7051110413803806
9 62.0 93.0 7566.0 7410.0 7519.28 21.16318511095161 0.15482143614604593 0.12759426118364237 0.7175843026703113
9 63.0 33.0 7576.0 7418.0 7534.98 21.648234584050037 0.13187897442006802 0.13218210424876833 0.7359389213311632
9 64.0 43.0 7604.0 7492.0 7550.64 20.80186471827888 0.12602281897714812 0.13599516573514914 0.7379820152877027
9 65.0 94.0 7616.0 7506.0 7566.84 22.036113609942742 0.12621865663386647 0.13995255282427435 0.7338287905418593
9 66.0 94.0 7646.0 7506.0 7583.54 24.398799440575228 0.13169425934115 0.1203735084402882 0.7479322322185622
9 67.0 3.0 7660.0 7506.0 7601.86 24.166518285855876 0.13131954166843784 0.12540861463105013 0.7432718437005121
9 68.0 43.0 7666.0 7506.0 7622.22 27.473984020884163 0.13511041115205358 0.12892078718653818 0.7359688016614079
9 69.0 1.0 7674.0 7506.0 7638.78 27.26731865561164 0.1399679182153926 0.13129992939542004 0.7287321523891869
9 70.0 48.0 7686.0 7506.0 7649.52 24.965624851832263 0.15652793768184933 0.11142164487965847 0.7320504174384923
9 71.0 20.0 7716.0 7518.0 7661.62 23.997802929738086 0.15377016387353343 0.1159195497726775 0.7303102863537889
9 72.0 3.0 7728.0 7518.0 7675.06 30.044351054782833 0.15375361105766727 0.10386085843549431 0.7423855305068386
9 73.0 86.0 7742.0 7578.0 7696.26 26.456222655014795 0.13962004052646804 0.09763720665977266 0.7627427528137596
9 74.0 70.0 7748.0 7578.0 7711.9 27.230961285368778 0.12618638603336843 0.09525986559539272 0.7785537483712391
9 75.0 8.0 7758.0 7626.0 7730.66 20.583517972426687 0.12759399849239186 0.0955282133148701 0.7768777881927383
9 76.0 57.0 7770.0 7642.0 7740.7 16.617807170367428 0.1309175279142272 0.11983088289220438 0.749251589193568
9 77.0 57.0 7786.0 7648.0 7747.68 14.654871289958587 0.13855656999435775 0.12742374646975546 0.7340196835358868
9 78.0 67.0 7790.0 7648.0 7754.34 16.64618134994793 0.1619600815696279 0.14105775450518518 0.6969821639251869
9 79.0 94.0 7800.0 7648.0 7763.34 17.512027612789783 0.15663319722791802 0.12061186996719613 0.722754932804886
9 80.0 57.0 7808.0 7648.0 7773.14 19.97018990516829 0.14060811334615414 0.11266841310664105 0.746723473547205
9 81.0 46.0 7828.0 7648.0 7785.46 21.40490833921277 0.14330820592950277 0.11003377456765677 0.7466580195028404
9 82.0 26.0 7832.0 7648.0 7796.4 23.98484369915145 0.11720614154121092 0.1114763017069522 0.771317556751837
9 83.0 3.0 7832.0 7678.0 7808.62 21.34790222230113 0.11871496251232992 0.1162027098009285 0.7650823276867413
9 84.0 48.0 7854.0 7692.0 7820.62 19.769775932064583 0.12581910167938562 0.12054580416672465 0.7536350941538895
9 85.0 34.0 7862.0 7692.0 7829.28 17.90552084603174 0.13317874087259315 0.13021740494573236 0.7366038541816744
9 86.0 34.0 7862.0 7692.0 7837.2 19.06713286143344 0.1361285120705188 0.13900014945700698 0.7248713384724743
9 87.0 15.0 7884.0 7692.0 7846.76 20.140476356799176 0.13668298396147713 0.12258216719315623 0.740734848845367
9 88.0 62.0 7890.0 7810.0 7857.66 14.170833611771954 0.13979092413701083 0.12337152500851807 0.736837550854471
9 89.0 62.0 7910.0 7828.0 7870.2 16.144549069158444 0.13082899317418584 0.10716619545709634 0.762004811368718
9 90.0 94.0 7920.0 7832.0 7885.82 15.893827021008418 0.12285410957714961 0.10211778391903699 0.7750281065038132
9 91.0 31.0 7920.0 7832.0 7895.36 13.899727488063368 0.11680902929822709 0.1016777177366985 0.7815132529650742
9 92.0 71.0 7922.0 7858.0 7906.44 13.096626136590164 0.11930992158443583 0.09700294608807168 0.7836871323274925
9 93.0 4.0 7946.0 7858.0 7915.98 12.065461182041657 0.13008528523435023 0.10510216429508194 0.7648125504705675
9 94.0 4.0 7946.0 7858.0 7922.96 11.838918869558977 0.13659440085396446 0.11635103490353486 0.7470545642425005
9 95.0 75.0 7966.0 7858.0 7930.98 14.56298060289873 0.15728597834134436 0.12255459699130934 0.7201594246673462
9 96.0 5.0 7976.0 7858.0 7941.0 15.333333333333334 0.15829197391341357 0.1103639393776755 0.731344086708911
9 97.0 9.0 7990.0 7900.0 7951.52 14.267629534202698 0.15087932139746688 0.10979423474753519 0.7393264438549977
9 98.0 71.0 8008.0 7900.0 7963.5 16.615375622317632 0.14467920410450127 0.11268234466042876 0.74263845123507
9 99.0 42.0 8012.0 7918.0 7975.08 18.591667515586142 0.1422514439130037 0.10861817698645185 0.7491303791005441
9 100.0 87.0 8018.0 7918.0 7989.14 19.027369972773652 0.14705820655477608 0.1082070467708254 0.7447347466743984
